BEGIN
CREATE TABLE
INSERT 0 552
UPDATE 552
UPDATE 552
UPDATE 552
UPDATE 552
UPDATE 552
UPDATE 23
UPDATE 23
UPDATE 23
UPDATE 23
UPDATE 552
UPDATE 552
   team_name    | e_goals | opponent_name  | e_goals |  win  | lose  |  tie  
----------------+---------+----------------+---------+-------+-------+-------
 Australia      |     0.8 | Brazil         |     1.3 | 0.237 | 0.474 | 0.289
 Australia      |     1.9 | Cameroon       |     0.5 | 0.723 | 0.081 | 0.196
 Australia      |     0.8 | Canada         |     1.4 | 0.212 | 0.515 | 0.273
 Australia      |     1.2 | China PR       |     0.7 | 0.485 | 0.214 | 0.301
 Australia      |     1.6 | Colombia       |     0.7 | 0.582 | 0.165 | 0.254
 Australia      |     3.1 | Costa Rica     |     0.6 | 0.868 | 0.039 | 0.093
 Australia      |     4.4 | Cote d'Ivoire  |     0.7 | 0.933 | 0.021 | 0.047
 Australia      |     4.8 | Ecuador        |     0.3 | 0.978 | 0.004 | 0.018
 Australia      |     1.1 | England        |     1.5 | 0.276 | 0.466 | 0.258
 Australia      |     0.7 | France         |     1.9 | 0.134 | 0.657 | 0.209
 Australia      |     0.7 | Germany        |     2.6 | 0.085 | 0.767 | 0.148
 Australia      |     0.9 | Japan          |     1.7 | 0.185 | 0.577 | 0.238
 Australia      |     1.4 | Korea Republic |     0.9 | 0.486 | 0.244 | 0.270
 Australia      |     1.9 | Mexico         |     0.9 | 0.602 | 0.175 | 0.223
 Australia      |     1.4 | Netherlands    |     1.2 | 0.406 | 0.332 | 0.262
 Australia      |     1.3 | New Zealand    |     0.8 | 0.482 | 0.236 | 0.282
 Australia      |     1.9 | Nigeria        |     0.8 | 0.644 | 0.143 | 0.213
 Australia      |     1.3 | Norway         |     1.2 | 0.392 | 0.344 | 0.264
 Australia      |     1.4 | Spain          |     1.0 | 0.477 | 0.254 | 0.269
 Australia      |     1.2 | Sweden         |     1.7 | 0.267 | 0.492 | 0.241
 Australia      |     2.2 | Switzerland    |     1.3 | 0.585 | 0.214 | 0.201
 Australia      |     5.7 | Thailand       |     0.4 | 0.987 | 0.003 | 0.011
 Australia      |     0.7 | USA            |     2.5 | 0.082 | 0.765 | 0.152
 Brazil         |     1.3 | Australia      |     0.8 | 0.474 | 0.237 | 0.289
 Brazil         |     1.5 | Cameroon       |     0.2 | 0.703 | 0.054 | 0.242
 Brazil         |     0.6 | Canada         |     0.7 | 0.280 | 0.328 | 0.393
 Brazil         |     1.0 | China PR       |     0.4 | 0.500 | 0.133 | 0.367
 Brazil         |     1.2 | Colombia       |     0.3 | 0.592 | 0.104 | 0.304
 Brazil         |     2.5 | Costa Rica     |     0.3 | 0.855 | 0.028 | 0.117
 Brazil         |     3.5 | Cote d'Ivoire  |     0.4 | 0.925 | 0.016 | 0.059
 Brazil         |     3.8 | Ecuador        |     0.2 | 0.965 | 0.004 | 0.031
 Brazil         |     0.9 | England        |     0.8 | 0.356 | 0.294 | 0.350
 Brazil         |     0.6 | France         |     1.0 | 0.213 | 0.438 | 0.349
 Brazil         |     0.6 | Germany        |     1.3 | 0.168 | 0.538 | 0.294
 Brazil         |     0.7 | Japan          |     0.9 | 0.266 | 0.374 | 0.360
 Brazil         |     1.1 | Korea Republic |     0.5 | 0.522 | 0.152 | 0.326
 Brazil         |     1.5 | Mexico         |     0.4 | 0.628 | 0.111 | 0.261
 Brazil         |     1.1 | Netherlands    |     0.6 | 0.470 | 0.206 | 0.324
 Brazil         |     1.1 | New Zealand    |     0.4 | 0.511 | 0.147 | 0.342
 Brazil         |     1.5 | Nigeria        |     0.4 | 0.657 | 0.092 | 0.251
 Brazil         |     1.1 | Norway         |     0.6 | 0.457 | 0.213 | 0.330
 Brazil         |     1.1 | Spain          |     0.5 | 0.517 | 0.158 | 0.325
 Brazil         |     0.9 | Sweden         |     0.8 | 0.359 | 0.311 | 0.330
 Brazil         |     1.7 | Switzerland    |     0.6 | 0.641 | 0.132 | 0.228
 Brazil         |     4.5 | Thailand       |     0.2 | 0.979 | 0.003 | 0.019
 Brazil         |     0.5 | USA            |     1.2 | 0.161 | 0.537 | 0.303
 Cameroon       |     0.5 | Australia      |     1.9 | 0.081 | 0.723 | 0.196
 Cameroon       |     0.2 | Brazil         |     1.5 | 0.054 | 0.703 | 0.242
 Cameroon       |     0.2 | Canada         |     1.7 | 0.046 | 0.739 | 0.214
 Cameroon       |     0.3 | China PR       |     0.8 | 0.147 | 0.449 | 0.404
 Cameroon       |     0.4 | Colombia       |     0.8 | 0.187 | 0.417 | 0.396
 Cameroon       |     0.9 | Costa Rica     |     0.7 | 0.389 | 0.254 | 0.357
 Cameroon       |     1.3 | Cote d'Ivoire  |     0.8 | 0.461 | 0.247 | 0.292
 Cameroon       |     1.4 | Ecuador        |     0.4 | 0.632 | 0.095 | 0.273
 Cameroon       |     0.3 | England        |     1.8 | 0.059 | 0.736 | 0.205
 Cameroon       |     0.2 | France         |     2.3 | 0.024 | 0.847 | 0.129
 Cameroon       |     0.2 | Germany        |     3.0 | 0.013 | 0.918 | 0.070
 Cameroon       |     0.2 | Japan          |     2.0 | 0.036 | 0.801 | 0.163
 Cameroon       |     0.4 | Korea Republic |     1.1 | 0.138 | 0.526 | 0.336
 Cameroon       |     0.5 | Mexico         |     1.0 | 0.185 | 0.476 | 0.339
 Cameroon       |     0.4 | Netherlands    |     1.4 | 0.100 | 0.637 | 0.263
 Cameroon       |     0.4 | New Zealand    |     1.0 | 0.140 | 0.501 | 0.359
 Cameroon       |     0.5 | Nigeria        |     0.9 | 0.212 | 0.422 | 0.366
 Cameroon       |     0.4 | Norway         |     1.5 | 0.095 | 0.645 | 0.260
 Cameroon       |     0.4 | Spain          |     1.1 | 0.133 | 0.541 | 0.326
 Cameroon       |     0.3 | Sweden         |     2.0 | 0.053 | 0.771 | 0.176
 Cameroon       |     0.6 | Switzerland    |     1.5 | 0.156 | 0.583 | 0.261
 Cameroon       |     1.6 | Thailand       |     0.4 | 0.670 | 0.096 | 0.234
 Cameroon       |     0.2 | USA            |     2.9 | 0.013 | 0.912 | 0.075
 Canada         |     1.4 | Australia      |     0.8 | 0.515 | 0.212 | 0.273
 Canada         |     0.7 | Brazil         |     0.6 | 0.328 | 0.280 | 0.393
 Canada         |     1.7 | Cameroon       |     0.2 | 0.739 | 0.046 | 0.214
 Canada         |     1.1 | China PR       |     0.3 | 0.537 | 0.120 | 0.343
 Canada         |     1.4 | Colombia       |     0.3 | 0.630 | 0.092 | 0.278
 Canada         |     2.7 | Costa Rica     |     0.3 | 0.882 | 0.022 | 0.096
 Canada         |     3.8 | Cote d'Ivoire  |     0.3 | 0.944 | 0.012 | 0.044
 Canada         |     4.2 | Ecuador        |     0.2 | 0.975 | 0.003 | 0.022
 Canada         |     1.0 | England        |     0.7 | 0.390 | 0.271 | 0.339
 Canada         |     0.6 | France         |     0.9 | 0.237 | 0.415 | 0.348
 Canada         |     0.6 | Germany        |     1.3 | 0.189 | 0.513 | 0.298
 Canada         |     0.7 | Japan          |     0.8 | 0.294 | 0.351 | 0.355
 Canada         |     1.2 | Korea Republic |     0.5 | 0.561 | 0.136 | 0.304
 Canada         |     1.6 | Mexico         |     0.4 | 0.667 | 0.096 | 0.237
 Canada         |     1.2 | Netherlands    |     0.6 | 0.509 | 0.185 | 0.306
 Canada         |     1.2 | New Zealand    |     0.4 | 0.549 | 0.132 | 0.319
 Canada         |     1.7 | Nigeria        |     0.4 | 0.695 | 0.079 | 0.226
 Canada         |     1.2 | Norway         |     0.6 | 0.495 | 0.193 | 0.312
 Canada         |     1.2 | Spain          |     0.5 | 0.555 | 0.142 | 0.304
 Canada         |     1.0 | Sweden         |     0.8 | 0.393 | 0.286 | 0.320
 Canada         |     1.9 | Switzerland    |     0.6 | 0.682 | 0.113 | 0.205
 Canada         |     5.0 | Thailand       |     0.2 | 0.986 | 0.002 | 0.012
 Canada         |     0.6 | USA            |     1.2 | 0.180 | 0.513 | 0.306
 China PR       |     0.7 | Australia      |     1.2 | 0.214 | 0.485 | 0.301
 China PR       |     0.4 | Brazil         |     1.0 | 0.133 | 0.500 | 0.367
 China PR       |     0.8 | Cameroon       |     0.3 | 0.449 | 0.147 | 0.404
 China PR       |     0.3 | Canada         |     1.1 | 0.120 | 0.537 | 0.343
 China PR       |     0.7 | Colombia       |     0.5 | 0.340 | 0.242 | 0.418
 China PR       |     1.4 | Costa Rica     |     0.4 | 0.604 | 0.114 | 0.281
 China PR       |     1.9 | Cote d'Ivoire  |     0.5 | 0.703 | 0.095 | 0.202
 China PR       |     2.1 | Ecuador        |     0.2 | 0.819 | 0.031 | 0.150
 China PR       |     0.5 | England        |     1.1 | 0.155 | 0.521 | 0.325
 China PR       |     0.3 | France         |     1.5 | 0.079 | 0.663 | 0.258
 China PR       |     0.3 | Germany        |     1.9 | 0.053 | 0.765 | 0.182
 China PR       |     0.4 | Japan          |     1.3 | 0.106 | 0.601 | 0.293
 China PR       |     0.6 | Korea Republic |     0.7 | 0.277 | 0.324 | 0.398
 China PR       |     0.8 | Mexico         |     0.7 | 0.355 | 0.274 | 0.371
 China PR       |     0.6 | Netherlands    |     0.9 | 0.229 | 0.415 | 0.356
 China PR       |     0.6 | New Zealand    |     0.6 | 0.274 | 0.309 | 0.417
 China PR       |     0.8 | Nigeria        |     0.6 | 0.386 | 0.236 | 0.377
 China PR       |     0.6 | Norway         |     0.9 | 0.220 | 0.424 | 0.356
 China PR       |     0.6 | Spain          |     0.7 | 0.271 | 0.336 | 0.393
 China PR       |     0.5 | Sweden         |     1.3 | 0.150 | 0.553 | 0.297
 China PR       |     1.0 | Switzerland    |     1.0 | 0.341 | 0.342 | 0.317
 China PR       |     2.5 | Thailand       |     0.3 | 0.855 | 0.029 | 0.116
 China PR       |     0.3 | USA            |     1.8 | 0.051 | 0.759 | 0.190
 Colombia       |     0.7 | Australia      |     1.6 | 0.165 | 0.582 | 0.254
 Colombia       |     0.3 | Brazil         |     1.2 | 0.104 | 0.592 | 0.304
 Colombia       |     0.8 | Cameroon       |     0.4 | 0.417 | 0.187 | 0.396
 Colombia       |     0.3 | Canada         |     1.4 | 0.092 | 0.630 | 0.278
 Colombia       |     0.5 | China PR       |     0.7 | 0.242 | 0.340 | 0.418
 Colombia       |     1.3 | Costa Rica     |     0.5 | 0.565 | 0.149 | 0.286
 Colombia       |     1.9 | Cote d'Ivoire  |     0.7 | 0.658 | 0.128 | 0.213
 Colombia       |     2.1 | Ecuador        |     0.3 | 0.798 | 0.042 | 0.160
 Colombia       |     0.5 | England        |     1.4 | 0.119 | 0.615 | 0.266
 Colombia       |     0.3 | France         |     1.9 | 0.055 | 0.755 | 0.191
 Colombia       |     0.3 | Germany        |     2.5 | 0.033 | 0.846 | 0.121
 Colombia       |     0.4 | Japan          |     1.6 | 0.077 | 0.695 | 0.227
 Colombia       |     0.6 | Korea Republic |     0.9 | 0.237 | 0.400 | 0.363
 Colombia       |     0.8 | Mexico         |     0.9 | 0.310 | 0.343 | 0.347
 Colombia       |     0.6 | Netherlands    |     1.2 | 0.186 | 0.503 | 0.311
 Colombia       |     0.6 | New Zealand    |     0.8 | 0.237 | 0.382 | 0.382
 Colombia       |     0.8 | Nigeria        |     0.7 | 0.343 | 0.298 | 0.359
 Colombia       |     0.6 | Norway         |     1.2 | 0.178 | 0.513 | 0.309
 Colombia       |     0.6 | Spain          |     0.9 | 0.231 | 0.413 | 0.356
 Colombia       |     0.5 | Sweden         |     1.6 | 0.112 | 0.650 | 0.239
 Colombia       |     0.9 | Switzerland    |     1.2 | 0.284 | 0.426 | 0.290
 Colombia       |     2.4 | Thailand       |     0.4 | 0.834 | 0.039 | 0.127
 Colombia       |     0.3 | USA            |     2.4 | 0.032 | 0.840 | 0.127
 Costa Rica     |     0.6 | Australia      |     3.1 | 0.039 | 0.868 | 0.093
 Costa Rica     |     0.3 | Brazil         |     2.5 | 0.028 | 0.855 | 0.117
 Costa Rica     |     0.7 | Cameroon       |     0.9 | 0.254 | 0.389 | 0.357
 Costa Rica     |     0.3 | Canada         |     2.7 | 0.022 | 0.882 | 0.096
 Costa Rica     |     0.4 | China PR       |     1.4 | 0.114 | 0.604 | 0.281
 Costa Rica     |     0.5 | Colombia       |     1.3 | 0.149 | 0.565 | 0.286
 Costa Rica     |     1.5 | Cote d'Ivoire  |     1.4 | 0.408 | 0.343 | 0.249
 Costa Rica     |     1.7 | Ecuador        |     0.6 | 0.637 | 0.127 | 0.236
 Costa Rica     |     0.4 | England        |     2.9 | 0.028 | 0.879 | 0.093
 Costa Rica     |     0.3 | France         |     3.7 | 0.008 | 0.950 | 0.041
 Costa Rica     |     0.3 | Germany        |     4.9 | 0.003 | 0.982 | 0.015
 Costa Rica     |     0.3 | Japan          |     3.3 | 0.015 | 0.923 | 0.062
 Costa Rica     |     0.5 | Korea Republic |     1.8 | 0.096 | 0.687 | 0.217
 Costa Rica     |     0.6 | Mexico         |     1.7 | 0.136 | 0.631 | 0.233
 Costa Rica     |     0.5 | Netherlands    |     2.4 | 0.058 | 0.796 | 0.146
 Costa Rica     |     0.5 | New Zealand    |     1.6 | 0.101 | 0.662 | 0.237
 Costa Rica     |     0.7 | Nigeria        |     1.5 | 0.166 | 0.569 | 0.265
 Costa Rica     |     0.5 | Norway         |     2.4 | 0.055 | 0.804 | 0.142
 Costa Rica     |     0.5 | Spain          |     1.8 | 0.090 | 0.703 | 0.206
 Costa Rica     |     0.4 | Sweden         |     3.2 | 0.023 | 0.904 | 0.073
 Costa Rica     |     0.8 | Switzerland    |     2.4 | 0.096 | 0.745 | 0.159
 Costa Rica     |     2.0 | Thailand       |     0.7 | 0.666 | 0.129 | 0.205
 Costa Rica     |     0.2 | USA            |     4.7 | 0.003 | 0.980 | 0.017
 Cote d'Ivoire  |     0.7 | Australia      |     4.4 | 0.021 | 0.933 | 0.047
 Cote d'Ivoire  |     0.4 | Brazil         |     3.5 | 0.016 | 0.925 | 0.059
 Cote d'Ivoire  |     0.8 | Cameroon       |     1.3 | 0.247 | 0.461 | 0.292
 Cote d'Ivoire  |     0.3 | Canada         |     3.8 | 0.012 | 0.944 | 0.044
 Cote d'Ivoire  |     0.5 | China PR       |     1.9 | 0.095 | 0.703 | 0.202
 Cote d'Ivoire  |     0.7 | Colombia       |     1.9 | 0.128 | 0.658 | 0.213
 Cote d'Ivoire  |     1.4 | Costa Rica     |     1.5 | 0.343 | 0.408 | 0.249
 Cote d'Ivoire  |     2.1 | Ecuador        |     0.8 | 0.672 | 0.134 | 0.194
 Cote d'Ivoire  |     0.5 | England        |     4.0 | 0.015 | 0.941 | 0.044
 Cote d'Ivoire  |     0.3 | France         |     5.2 | 0.003 | 0.983 | 0.014
 Cote d'Ivoire  |     0.3 | Germany        |     6.9 | 0.001 | 0.996 | 0.004
 Cote d'Ivoire  |     0.4 | Japan          |     4.6 | 0.006 | 0.969 | 0.025
 Cote d'Ivoire  |     0.6 | Korea Republic |     2.5 | 0.072 | 0.782 | 0.146
 Cote d'Ivoire  |     0.8 | Mexico         |     2.4 | 0.108 | 0.724 | 0.167
 Cote d'Ivoire  |     0.6 | Netherlands    |     3.3 | 0.037 | 0.878 | 0.085
 Cote d'Ivoire  |     0.6 | New Zealand    |     2.3 | 0.079 | 0.758 | 0.163
 Cote d'Ivoire  |     0.8 | Nigeria        |     2.1 | 0.141 | 0.660 | 0.199
 Cote d'Ivoire  |     0.6 | Norway         |     3.4 | 0.034 | 0.885 | 0.081
 Cote d'Ivoire  |     0.6 | Spain          |     2.6 | 0.067 | 0.797 | 0.136
 Cote d'Ivoire  |     0.5 | Sweden         |     4.6 | 0.011 | 0.957 | 0.032
 Cote d'Ivoire  |     1.0 | Switzerland    |     3.4 | 0.066 | 0.832 | 0.102
 Cote d'Ivoire  |     2.5 | Thailand       |     1.0 | 0.695 | 0.135 | 0.170
 Cote d'Ivoire  |     0.3 | USA            |     6.6 | 0.001 | 0.995 | 0.004
 Ecuador        |     0.3 | Australia      |     4.8 | 0.004 | 0.978 | 0.018
 Ecuador        |     0.2 | Brazil         |     3.8 | 0.004 | 0.965 | 0.031
 Ecuador        |     0.4 | Cameroon       |     1.4 | 0.095 | 0.632 | 0.273
 Ecuador        |     0.2 | Canada         |     4.2 | 0.003 | 0.975 | 0.022
 Ecuador        |     0.2 | China PR       |     2.1 | 0.031 | 0.819 | 0.150
 Ecuador        |     0.3 | Colombia       |     2.1 | 0.042 | 0.798 | 0.160
 Ecuador        |     0.6 | Costa Rica     |     1.7 | 0.127 | 0.637 | 0.236
 Ecuador        |     0.8 | Cote d'Ivoire  |     2.1 | 0.134 | 0.672 | 0.194
 Ecuador        |     0.2 | England        |     4.5 | 0.003 | 0.977 | 0.020
 Ecuador        |     0.1 | France         |     5.8 | 0.001 | 0.994 | 0.005
 Ecuador        |     0.1 | Germany        |     7.6 | 0.000 | 0.999 | 0.001
 Ecuador        |     0.2 | Japan          |     5.1 | 0.001 | 0.988 | 0.010
 Ecuador        |     0.3 | Korea Republic |     2.8 | 0.021 | 0.887 | 0.092
 Ecuador        |     0.3 | Mexico         |     2.6 | 0.031 | 0.861 | 0.108
 Ecuador        |     0.3 | Netherlands    |     3.7 | 0.009 | 0.948 | 0.043
 Ecuador        |     0.3 | New Zealand    |     2.5 | 0.024 | 0.867 | 0.109
 Ecuador        |     0.4 | Nigeria        |     2.3 | 0.044 | 0.814 | 0.142
 Ecuador        |     0.3 | Norway         |     3.7 | 0.008 | 0.950 | 0.041
 Ecuador        |     0.3 | Spain          |     2.9 | 0.019 | 0.897 | 0.084
 Ecuador        |     0.2 | Sweden         |     5.0 | 0.002 | 0.985 | 0.013
 Ecuador        |     0.4 | Switzerland    |     3.8 | 0.015 | 0.936 | 0.049
 Ecuador        |     1.1 | Thailand       |     1.1 | 0.341 | 0.368 | 0.291
 Ecuador        |     0.1 | USA            |     7.3 | 0.000 | 0.999 | 0.001
 England        |     1.5 | Australia      |     1.1 | 0.466 | 0.276 | 0.258
 England        |     0.8 | Brazil         |     0.9 | 0.294 | 0.356 | 0.350
 England        |     1.8 | Cameroon       |     0.3 | 0.736 | 0.059 | 0.205
 England        |     0.7 | Canada         |     1.0 | 0.271 | 0.390 | 0.339
 England        |     1.1 | China PR       |     0.5 | 0.521 | 0.155 | 0.325
 England        |     1.4 | Colombia       |     0.5 | 0.615 | 0.119 | 0.266
 England        |     2.9 | Costa Rica     |     0.4 | 0.879 | 0.028 | 0.093
 England        |     4.0 | Cote d'Ivoire  |     0.5 | 0.941 | 0.015 | 0.044
 England        |     4.5 | Ecuador        |     0.2 | 0.977 | 0.003 | 0.020
 England        |     0.7 | France         |     1.3 | 0.194 | 0.516 | 0.290
 England        |     0.7 | Germany        |     1.7 | 0.143 | 0.625 | 0.232
 England        |     0.8 | Japan          |     1.2 | 0.251 | 0.442 | 0.307
 England        |     1.3 | Korea Republic |     0.6 | 0.535 | 0.176 | 0.289
 England        |     1.7 | Mexico         |     0.6 | 0.646 | 0.125 | 0.230
 England        |     1.3 | Netherlands    |     0.8 | 0.472 | 0.240 | 0.288
 England        |     1.2 | New Zealand    |     0.6 | 0.526 | 0.171 | 0.303
 England        |     1.8 | Nigeria        |     0.5 | 0.679 | 0.102 | 0.219
 England        |     1.2 | Norway         |     0.8 | 0.457 | 0.250 | 0.293
 England        |     1.3 | Spain          |     0.6 | 0.528 | 0.184 | 0.288
 England        |     1.1 | Sweden         |     1.1 | 0.345 | 0.367 | 0.289
 England        |     2.0 | Switzerland    |     0.9 | 0.648 | 0.149 | 0.203
 England        |     5.3 | Thailand       |     0.3 | 0.987 | 0.002 | 0.011
 England        |     0.6 | USA            |     1.7 | 0.137 | 0.624 | 0.239
 France         |     1.9 | Australia      |     0.7 | 0.657 | 0.134 | 0.209
 France         |     1.0 | Brazil         |     0.6 | 0.438 | 0.213 | 0.349
 France         |     2.3 | Cameroon       |     0.2 | 0.847 | 0.024 | 0.129
 France         |     0.9 | Canada         |     0.6 | 0.415 | 0.237 | 0.348
 France         |     1.5 | China PR       |     0.3 | 0.663 | 0.079 | 0.258
 France         |     1.9 | Colombia       |     0.3 | 0.755 | 0.055 | 0.191
 France         |     3.7 | Costa Rica     |     0.3 | 0.950 | 0.008 | 0.041
 France         |     5.2 | Cote d'Ivoire  |     0.3 | 0.983 | 0.003 | 0.014
 France         |     5.8 | Ecuador        |     0.1 | 0.994 | 0.001 | 0.005
 France         |     1.3 | England        |     0.7 | 0.516 | 0.194 | 0.290
 France         |     0.9 | Germany        |     1.2 | 0.276 | 0.422 | 0.302
 France         |     1.0 | Japan          |     0.8 | 0.403 | 0.270 | 0.327
 France         |     1.7 | Korea Republic |     0.4 | 0.691 | 0.086 | 0.223
 France         |     2.2 | Mexico         |     0.4 | 0.792 | 0.053 | 0.155
 France         |     1.7 | Netherlands    |     0.6 | 0.643 | 0.121 | 0.236
 France         |     1.6 | New Zealand    |     0.4 | 0.677 | 0.085 | 0.238
 France         |     2.3 | Nigeria        |     0.3 | 0.815 | 0.043 | 0.142
 France         |     1.6 | Norway         |     0.6 | 0.629 | 0.127 | 0.244
 France         |     1.7 | Spain          |     0.4 | 0.686 | 0.090 | 0.225
 France         |     1.4 | Sweden         |     0.8 | 0.523 | 0.203 | 0.274
 France         |     2.6 | Switzerland    |     0.6 | 0.811 | 0.059 | 0.130
 France         |     6.8 | Thailand       |     0.2 | 0.997 | 0.000 | 0.002
 France         |     0.8 | USA            |     1.1 | 0.263 | 0.425 | 0.312
 Germany        |     2.6 | Australia      |     0.7 | 0.767 | 0.085 | 0.148
 Germany        |     1.3 | Brazil         |     0.6 | 0.538 | 0.168 | 0.294
 Germany        |     3.0 | Cameroon       |     0.2 | 0.918 | 0.013 | 0.070
 Germany        |     1.3 | Canada         |     0.6 | 0.513 | 0.189 | 0.298
 Germany        |     1.9 | China PR       |     0.3 | 0.765 | 0.053 | 0.182
 Germany        |     2.5 | Colombia       |     0.3 | 0.846 | 0.033 | 0.121
 Germany        |     4.9 | Costa Rica     |     0.3 | 0.982 | 0.003 | 0.015
 Germany        |     6.9 | Cote d'Ivoire  |     0.3 | 0.996 | 0.001 | 0.004
 Germany        |     7.6 | Ecuador        |     0.1 | 0.999 | 0.000 | 0.001
 Germany        |     1.7 | England        |     0.7 | 0.625 | 0.143 | 0.232
 Germany        |     1.2 | France         |     0.9 | 0.422 | 0.276 | 0.302
 Germany        |     1.3 | Japan          |     0.8 | 0.502 | 0.216 | 0.282
 Germany        |     2.2 | Korea Republic |     0.4 | 0.792 | 0.055 | 0.153
 Germany        |     2.9 | Mexico         |     0.4 | 0.878 | 0.030 | 0.093
 Germany        |     2.2 | Netherlands    |     0.6 | 0.750 | 0.080 | 0.170
 Germany        |     2.1 | New Zealand    |     0.4 | 0.779 | 0.055 | 0.165
 Germany        |     3.0 | Nigeria        |     0.3 | 0.895 | 0.023 | 0.082
 Germany        |     2.1 | Norway         |     0.6 | 0.736 | 0.086 | 0.178
 Germany        |     2.2 | Spain          |     0.4 | 0.788 | 0.057 | 0.155
 Germany        |     1.9 | Sweden         |     0.8 | 0.634 | 0.147 | 0.218
 Germany        |     3.5 | Switzerland    |     0.6 | 0.895 | 0.030 | 0.074
 Germany        |     9.0 | Thailand       |     0.2 | 1.000 | 0.000 | 0.000
 Germany        |     1.1 | USA            |     1.1 | 0.341 | 0.366 | 0.293
 Japan          |     1.7 | Australia      |     0.9 | 0.577 | 0.185 | 0.238
 Japan          |     0.9 | Brazil         |     0.7 | 0.374 | 0.266 | 0.360
 Japan          |     2.0 | Cameroon       |     0.2 | 0.801 | 0.036 | 0.163
 Japan          |     0.8 | Canada         |     0.7 | 0.351 | 0.294 | 0.355
 Japan          |     1.3 | China PR       |     0.4 | 0.601 | 0.106 | 0.293
 Japan          |     1.6 | Colombia       |     0.4 | 0.695 | 0.077 | 0.227
 Japan          |     3.3 | Costa Rica     |     0.3 | 0.923 | 0.015 | 0.062
 Japan          |     4.6 | Cote d'Ivoire  |     0.4 | 0.969 | 0.006 | 0.025
 Japan          |     5.1 | Ecuador        |     0.2 | 0.988 | 0.001 | 0.010
 Japan          |     1.2 | England        |     0.8 | 0.442 | 0.251 | 0.307
 Japan          |     0.8 | France         |     1.0 | 0.270 | 0.403 | 0.327
 Japan          |     0.8 | Germany        |     1.3 | 0.216 | 0.502 | 0.282
 Japan          |     1.5 | Korea Republic |     0.5 | 0.625 | 0.118 | 0.257
 Japan          |     2.0 | Mexico         |     0.5 | 0.732 | 0.078 | 0.190
 Japan          |     1.5 | Netherlands    |     0.6 | 0.570 | 0.164 | 0.266
 Japan          |     1.4 | New Zealand    |     0.4 | 0.612 | 0.116 | 0.272
 Japan          |     2.0 | Nigeria        |     0.4 | 0.759 | 0.063 | 0.178
 Japan          |     1.4 | Norway         |     0.7 | 0.556 | 0.172 | 0.273
 Japan          |     1.5 | Spain          |     0.5 | 0.619 | 0.123 | 0.258
 Japan          |     1.2 | Sweden         |     0.9 | 0.446 | 0.264 | 0.290
 Japan          |     2.3 | Switzerland    |     0.7 | 0.746 | 0.090 | 0.164
 Japan          |     6.0 | Thailand       |     0.2 | 0.994 | 0.001 | 0.005
 Japan          |     0.7 | USA            |     1.3 | 0.206 | 0.504 | 0.291
 Korea Republic |     0.9 | Australia      |     1.4 | 0.244 | 0.486 | 0.270
 Korea Republic |     0.5 | Brazil         |     1.1 | 0.152 | 0.522 | 0.326
 Korea Republic |     1.1 | Cameroon       |     0.4 | 0.526 | 0.138 | 0.336
 Korea Republic |     0.5 | Canada         |     1.2 | 0.136 | 0.561 | 0.304
 Korea Republic |     0.7 | China PR       |     0.6 | 0.324 | 0.277 | 0.398
 Korea Republic |     0.9 | Colombia       |     0.6 | 0.400 | 0.237 | 0.363
 Korea Republic |     1.8 | Costa Rica     |     0.5 | 0.687 | 0.096 | 0.217
 Korea Republic |     2.5 | Cote d'Ivoire  |     0.6 | 0.782 | 0.072 | 0.146
 Korea Republic |     2.8 | Ecuador        |     0.3 | 0.887 | 0.021 | 0.092
 Korea Republic |     0.6 | England        |     1.3 | 0.176 | 0.535 | 0.289
 Korea Republic |     0.4 | France         |     1.7 | 0.086 | 0.691 | 0.223
 Korea Republic |     0.4 | Germany        |     2.2 | 0.055 | 0.792 | 0.153
 Korea Republic |     0.5 | Japan          |     1.5 | 0.118 | 0.625 | 0.257
 Korea Republic |     1.1 | Mexico         |     0.8 | 0.414 | 0.264 | 0.321
 Korea Republic |     0.8 | Netherlands    |     1.1 | 0.264 | 0.419 | 0.317
 Korea Republic |     0.8 | New Zealand    |     0.7 | 0.321 | 0.310 | 0.368
 Korea Republic |     1.1 | Nigeria        |     0.7 | 0.451 | 0.225 | 0.323
 Korea Republic |     0.8 | Norway         |     1.1 | 0.254 | 0.429 | 0.317
 Korea Republic |     0.8 | Spain          |     0.8 | 0.317 | 0.336 | 0.347
 Korea Republic |     0.7 | Sweden         |     1.5 | 0.169 | 0.567 | 0.264
 Korea Republic |     1.3 | Switzerland    |     1.1 | 0.394 | 0.328 | 0.278
 Korea Republic |     3.2 | Thailand       |     0.3 | 0.915 | 0.018 | 0.067
 Korea Republic |     0.4 | USA            |     2.2 | 0.053 | 0.787 | 0.159
 Mexico         |     0.9 | Australia      |     1.9 | 0.175 | 0.602 | 0.223
 Mexico         |     0.4 | Brazil         |     1.5 | 0.111 | 0.628 | 0.261
 Mexico         |     1.0 | Cameroon       |     0.5 | 0.476 | 0.185 | 0.339
 Mexico         |     0.4 | Canada         |     1.6 | 0.096 | 0.667 | 0.237
 Mexico         |     0.7 | China PR       |     0.8 | 0.274 | 0.355 | 0.371
 Mexico         |     0.9 | Colombia       |     0.8 | 0.343 | 0.310 | 0.347
 Mexico         |     1.7 | Costa Rica     |     0.6 | 0.631 | 0.136 | 0.233
 Mexico         |     2.4 | Cote d'Ivoire  |     0.8 | 0.724 | 0.108 | 0.167
 Mexico         |     2.6 | Ecuador        |     0.3 | 0.861 | 0.031 | 0.108
 Mexico         |     0.6 | England        |     1.7 | 0.125 | 0.646 | 0.230
 Mexico         |     0.4 | France         |     2.2 | 0.053 | 0.792 | 0.155
 Mexico         |     0.4 | Germany        |     2.9 | 0.030 | 0.878 | 0.093
 Mexico         |     0.5 | Japan          |     2.0 | 0.078 | 0.732 | 0.190
 Mexico         |     0.8 | Korea Republic |     1.1 | 0.264 | 0.414 | 0.321
 Mexico         |     0.8 | Netherlands    |     1.4 | 0.202 | 0.524 | 0.274
 Mexico         |     0.7 | New Zealand    |     1.0 | 0.265 | 0.397 | 0.338
 Mexico         |     1.0 | Nigeria        |     0.9 | 0.387 | 0.299 | 0.315
 Mexico         |     0.7 | Norway         |     1.4 | 0.193 | 0.534 | 0.272
 Mexico         |     0.8 | Spain          |     1.1 | 0.256 | 0.428 | 0.315
 Mexico         |     0.6 | Sweden         |     1.9 | 0.116 | 0.679 | 0.205
 Mexico         |     1.2 | Switzerland    |     1.5 | 0.313 | 0.429 | 0.258
 Mexico         |     3.1 | Thailand       |     0.4 | 0.890 | 0.027 | 0.082
 Mexico         |     0.4 | USA            |     2.8 | 0.029 | 0.873 | 0.097
 Netherlands    |     1.2 | Australia      |     1.4 | 0.332 | 0.406 | 0.262
 Netherlands    |     0.6 | Brazil         |     1.1 | 0.206 | 0.470 | 0.324
 Netherlands    |     1.4 | Cameroon       |     0.4 | 0.637 | 0.100 | 0.263
 Netherlands    |     0.6 | Canada         |     1.2 | 0.185 | 0.509 | 0.306
 Netherlands    |     0.9 | China PR       |     0.6 | 0.415 | 0.229 | 0.356
 Netherlands    |     1.2 | Colombia       |     0.6 | 0.503 | 0.186 | 0.311
 Netherlands    |     2.4 | Costa Rica     |     0.5 | 0.796 | 0.058 | 0.146
 Netherlands    |     3.3 | Cote d'Ivoire  |     0.6 | 0.878 | 0.037 | 0.085
 Netherlands    |     3.7 | Ecuador        |     0.3 | 0.948 | 0.009 | 0.043
 Netherlands    |     0.8 | England        |     1.3 | 0.240 | 0.472 | 0.288
 Netherlands    |     0.6 | France         |     1.7 | 0.121 | 0.643 | 0.236
 Netherlands    |     0.6 | Germany        |     2.2 | 0.080 | 0.750 | 0.170
 Netherlands    |     0.6 | Japan          |     1.5 | 0.164 | 0.570 | 0.266
 Netherlands    |     1.1 | Korea Republic |     0.8 | 0.419 | 0.264 | 0.317
 Netherlands    |     1.4 | Mexico         |     0.8 | 0.524 | 0.202 | 0.274
 Netherlands    |     1.0 | New Zealand    |     0.7 | 0.414 | 0.255 | 0.331
 Netherlands    |     1.4 | Nigeria        |     0.7 | 0.562 | 0.169 | 0.269
 Netherlands    |     1.0 | Norway         |     1.1 | 0.338 | 0.361 | 0.301
 Netherlands    |     1.1 | Spain          |     0.8 | 0.410 | 0.275 | 0.315
 Netherlands    |     0.9 | Sweden         |     1.4 | 0.233 | 0.499 | 0.267
 Netherlands    |     1.7 | Switzerland    |     1.1 | 0.509 | 0.248 | 0.243
 Netherlands    |     4.3 | Thailand       |     0.3 | 0.965 | 0.007 | 0.028
 Netherlands    |     0.5 | USA            |     2.1 | 0.077 | 0.747 | 0.176
 New Zealand    |     0.8 | Australia      |     1.3 | 0.236 | 0.482 | 0.282
 New Zealand    |     0.4 | Brazil         |     1.1 | 0.147 | 0.511 | 0.342
 New Zealand    |     1.0 | Cameroon       |     0.4 | 0.501 | 0.140 | 0.359
 New Zealand    |     0.4 | Canada         |     1.2 | 0.132 | 0.549 | 0.319
 New Zealand    |     0.6 | China PR       |     0.6 | 0.309 | 0.274 | 0.417
 New Zealand    |     0.8 | Colombia       |     0.6 | 0.382 | 0.237 | 0.382
 New Zealand    |     1.6 | Costa Rica     |     0.5 | 0.662 | 0.101 | 0.237
 New Zealand    |     2.3 | Cote d'Ivoire  |     0.6 | 0.758 | 0.079 | 0.163
 New Zealand    |     2.5 | Ecuador        |     0.3 | 0.867 | 0.024 | 0.109
 New Zealand    |     0.6 | England        |     1.2 | 0.171 | 0.526 | 0.303
 New Zealand    |     0.4 | France         |     1.6 | 0.085 | 0.677 | 0.238
 New Zealand    |     0.4 | Germany        |     2.1 | 0.055 | 0.779 | 0.165
 New Zealand    |     0.4 | Japan          |     1.4 | 0.116 | 0.612 | 0.272
 New Zealand    |     0.7 | Korea Republic |     0.8 | 0.310 | 0.321 | 0.368
 New Zealand    |     1.0 | Mexico         |     0.7 | 0.397 | 0.265 | 0.338
 New Zealand    |     0.7 | Netherlands    |     1.0 | 0.255 | 0.414 | 0.331
 New Zealand    |     1.0 | Nigeria        |     0.6 | 0.431 | 0.227 | 0.341
 New Zealand    |     0.7 | Norway         |     1.0 | 0.245 | 0.424 | 0.331
 New Zealand    |     0.7 | Spain          |     0.8 | 0.304 | 0.333 | 0.363
 New Zealand    |     0.6 | Sweden         |     1.4 | 0.165 | 0.558 | 0.277
 New Zealand    |     1.1 | Switzerland    |     1.0 | 0.379 | 0.329 | 0.291
 New Zealand    |     3.0 | Thailand       |     0.3 | 0.898 | 0.021 | 0.081
 New Zealand    |     0.4 | USA            |     2.0 | 0.054 | 0.774 | 0.172
 Nigeria        |     0.8 | Australia      |     1.9 | 0.143 | 0.644 | 0.213
 Nigeria        |     0.4 | Brazil         |     1.5 | 0.092 | 0.657 | 0.251
 Nigeria        |     0.9 | Cameroon       |     0.5 | 0.422 | 0.212 | 0.366
 Nigeria        |     0.4 | Canada         |     1.7 | 0.079 | 0.695 | 0.226
 Nigeria        |     0.6 | China PR       |     0.8 | 0.236 | 0.386 | 0.377
 Nigeria        |     0.7 | Colombia       |     0.8 | 0.298 | 0.343 | 0.359
 Nigeria        |     1.5 | Costa Rica     |     0.7 | 0.569 | 0.166 | 0.265
 Nigeria        |     2.1 | Cote d'Ivoire  |     0.8 | 0.660 | 0.141 | 0.199
 Nigeria        |     2.3 | Ecuador        |     0.4 | 0.814 | 0.044 | 0.142
 Nigeria        |     0.5 | England        |     1.8 | 0.102 | 0.679 | 0.219
 Nigeria        |     0.3 | France         |     2.3 | 0.043 | 0.815 | 0.142
 Nigeria        |     0.3 | Germany        |     3.0 | 0.023 | 0.895 | 0.082
 Nigeria        |     0.4 | Japan          |     2.0 | 0.063 | 0.759 | 0.178
 Nigeria        |     0.7 | Korea Republic |     1.1 | 0.225 | 0.451 | 0.323
 Nigeria        |     0.9 | Mexico         |     1.0 | 0.299 | 0.387 | 0.315
 Nigeria        |     0.7 | Netherlands    |     1.4 | 0.169 | 0.562 | 0.269
 Nigeria        |     0.6 | New Zealand    |     1.0 | 0.227 | 0.431 | 0.341
 Nigeria        |     0.6 | Norway         |     1.5 | 0.161 | 0.573 | 0.266
 Nigeria        |     0.7 | Spain          |     1.1 | 0.218 | 0.466 | 0.316
 Nigeria        |     0.6 | Sweden         |     2.0 | 0.094 | 0.713 | 0.193
 Nigeria        |     1.0 | Switzerland    |     1.5 | 0.263 | 0.477 | 0.259
 Nigeria        |     2.7 | Thailand       |     0.4 | 0.847 | 0.040 | 0.112
 Nigeria        |     0.3 | USA            |     2.9 | 0.023 | 0.890 | 0.087
 Norway         |     1.2 | Australia      |     1.3 | 0.344 | 0.392 | 0.264
 Norway         |     0.6 | Brazil         |     1.1 | 0.213 | 0.457 | 0.330
 Norway         |     1.5 | Cameroon       |     0.4 | 0.645 | 0.095 | 0.260
 Norway         |     0.6 | Canada         |     1.2 | 0.193 | 0.495 | 0.312
 Norway         |     0.9 | China PR       |     0.6 | 0.424 | 0.220 | 0.356
 Norway         |     1.2 | Colombia       |     0.6 | 0.513 | 0.178 | 0.309
 Norway         |     2.4 | Costa Rica     |     0.5 | 0.804 | 0.055 | 0.142
 Norway         |     3.4 | Cote d'Ivoire  |     0.6 | 0.885 | 0.034 | 0.081
 Norway         |     3.7 | Ecuador        |     0.3 | 0.950 | 0.008 | 0.041
 Norway         |     0.8 | England        |     1.2 | 0.250 | 0.457 | 0.293
 Norway         |     0.6 | France         |     1.6 | 0.127 | 0.629 | 0.244
 Norway         |     0.6 | Germany        |     2.1 | 0.086 | 0.736 | 0.178
 Norway         |     0.7 | Japan          |     1.4 | 0.172 | 0.556 | 0.273
 Norway         |     1.1 | Korea Republic |     0.8 | 0.429 | 0.254 | 0.317
 Norway         |     1.4 | Mexico         |     0.7 | 0.534 | 0.193 | 0.272
 Norway         |     1.1 | Netherlands    |     1.0 | 0.361 | 0.338 | 0.301
 Norway         |     1.0 | New Zealand    |     0.7 | 0.424 | 0.245 | 0.331
 Norway         |     1.5 | Nigeria        |     0.6 | 0.573 | 0.161 | 0.266
 Norway         |     1.1 | Spain          |     0.8 | 0.421 | 0.264 | 0.315
 Norway         |     0.9 | Sweden         |     1.4 | 0.243 | 0.484 | 0.272
 Norway         |     1.7 | Switzerland    |     1.1 | 0.522 | 0.237 | 0.241
 Norway         |     4.4 | Thailand       |     0.3 | 0.967 | 0.006 | 0.027
 Norway         |     0.5 | USA            |     2.0 | 0.083 | 0.733 | 0.184
 Spain          |     1.0 | Australia      |     1.4 | 0.254 | 0.477 | 0.269
 Spain          |     0.5 | Brazil         |     1.1 | 0.158 | 0.517 | 0.325
 Spain          |     1.1 | Cameroon       |     0.4 | 0.541 | 0.133 | 0.326
 Spain          |     0.5 | Canada         |     1.2 | 0.142 | 0.555 | 0.304
 Spain          |     0.7 | China PR       |     0.6 | 0.336 | 0.271 | 0.393
 Spain          |     0.9 | Colombia       |     0.6 | 0.413 | 0.231 | 0.356
 Spain          |     1.8 | Costa Rica     |     0.5 | 0.703 | 0.090 | 0.206
 Spain          |     2.6 | Cote d'Ivoire  |     0.6 | 0.797 | 0.067 | 0.136
 Spain          |     2.9 | Ecuador        |     0.3 | 0.897 | 0.019 | 0.084
 Spain          |     0.6 | England        |     1.3 | 0.184 | 0.528 | 0.288
 Spain          |     0.4 | France         |     1.7 | 0.090 | 0.686 | 0.225
 Spain          |     0.4 | Germany        |     2.2 | 0.057 | 0.788 | 0.155
 Spain          |     0.5 | Japan          |     1.5 | 0.123 | 0.619 | 0.258
 Spain          |     0.8 | Korea Republic |     0.8 | 0.336 | 0.317 | 0.347
 Spain          |     1.1 | Mexico         |     0.8 | 0.428 | 0.256 | 0.315
 Spain          |     0.8 | Netherlands    |     1.1 | 0.275 | 0.410 | 0.315
 Spain          |     0.8 | New Zealand    |     0.7 | 0.333 | 0.304 | 0.363
 Spain          |     1.1 | Nigeria        |     0.7 | 0.466 | 0.218 | 0.316
 Spain          |     0.8 | Norway         |     1.1 | 0.264 | 0.421 | 0.315
 Spain          |     0.7 | Sweden         |     1.5 | 0.176 | 0.559 | 0.264
 Spain          |     1.3 | Switzerland    |     1.1 | 0.409 | 0.317 | 0.274
 Spain          |     3.4 | Thailand       |     0.3 | 0.924 | 0.016 | 0.060
 Spain          |     0.4 | USA            |     2.2 | 0.056 | 0.783 | 0.161
 Sweden         |     1.7 | Australia      |     1.2 | 0.492 | 0.267 | 0.241
 Sweden         |     0.8 | Brazil         |     0.9 | 0.311 | 0.359 | 0.330
 Sweden         |     2.0 | Cameroon       |     0.3 | 0.771 | 0.053 | 0.176
 Sweden         |     0.8 | Canada         |     1.0 | 0.286 | 0.393 | 0.320
 Sweden         |     1.3 | China PR       |     0.5 | 0.553 | 0.150 | 0.297
 Sweden         |     1.6 | Colombia       |     0.5 | 0.650 | 0.112 | 0.239
 Sweden         |     3.2 | Costa Rica     |     0.4 | 0.904 | 0.023 | 0.073
 Sweden         |     4.6 | Cote d'Ivoire  |     0.5 | 0.957 | 0.011 | 0.032
 Sweden         |     5.0 | Ecuador        |     0.2 | 0.985 | 0.002 | 0.013
 Sweden         |     1.1 | England        |     1.1 | 0.367 | 0.345 | 0.289
 Sweden         |     0.8 | France         |     1.4 | 0.203 | 0.523 | 0.274
 Sweden         |     0.8 | Germany        |     1.9 | 0.147 | 0.634 | 0.218
 Sweden         |     0.9 | Japan          |     1.2 | 0.264 | 0.446 | 0.290
 Sweden         |     1.5 | Korea Republic |     0.7 | 0.567 | 0.169 | 0.264
 Sweden         |     1.9 | Mexico         |     0.6 | 0.679 | 0.116 | 0.205
 Sweden         |     1.4 | Netherlands    |     0.9 | 0.499 | 0.233 | 0.267
 Sweden         |     1.4 | New Zealand    |     0.6 | 0.558 | 0.165 | 0.277
 Sweden         |     2.0 | Nigeria        |     0.6 | 0.713 | 0.094 | 0.193
 Sweden         |     1.4 | Norway         |     0.9 | 0.484 | 0.243 | 0.272
 Sweden         |     1.5 | Spain          |     0.7 | 0.559 | 0.176 | 0.264
 Sweden         |     2.3 | Switzerland    |     0.9 | 0.681 | 0.137 | 0.182
 Sweden         |     5.9 | Thailand       |     0.3 | 0.992 | 0.001 | 0.007
 Sweden         |     0.7 | USA            |     1.8 | 0.141 | 0.635 | 0.224
 Switzerland    |     1.3 | Australia      |     2.2 | 0.214 | 0.585 | 0.201
 Switzerland    |     0.6 | Brazil         |     1.7 | 0.132 | 0.641 | 0.228
 Switzerland    |     1.5 | Cameroon       |     0.6 | 0.583 | 0.156 | 0.261
 Switzerland    |     0.6 | Canada         |     1.9 | 0.113 | 0.682 | 0.205
 Switzerland    |     1.0 | China PR       |     1.0 | 0.342 | 0.341 | 0.317
 Switzerland    |     1.2 | Colombia       |     0.9 | 0.426 | 0.284 | 0.290
 Switzerland    |     2.4 | Costa Rica     |     0.8 | 0.745 | 0.096 | 0.159
 Switzerland    |     3.4 | Cote d'Ivoire  |     1.0 | 0.832 | 0.066 | 0.102
 Switzerland    |     3.8 | Ecuador        |     0.4 | 0.936 | 0.015 | 0.049
 Switzerland    |     0.9 | England        |     2.0 | 0.149 | 0.648 | 0.203
 Switzerland    |     0.6 | France         |     2.6 | 0.059 | 0.811 | 0.130
 Switzerland    |     0.6 | Germany        |     3.5 | 0.030 | 0.895 | 0.074
 Switzerland    |     0.7 | Japan          |     2.3 | 0.090 | 0.746 | 0.164
 Switzerland    |     1.1 | Korea Republic |     1.3 | 0.328 | 0.394 | 0.278
 Switzerland    |     1.5 | Mexico         |     1.2 | 0.429 | 0.313 | 0.258
 Switzerland    |     1.1 | Netherlands    |     1.7 | 0.248 | 0.509 | 0.243
 Switzerland    |     1.0 | New Zealand    |     1.1 | 0.329 | 0.379 | 0.291
 Switzerland    |     1.5 | Nigeria        |     1.0 | 0.477 | 0.263 | 0.259
 Switzerland    |     1.1 | Norway         |     1.7 | 0.237 | 0.522 | 0.241
 Switzerland    |     1.1 | Spain          |     1.3 | 0.317 | 0.409 | 0.274
 Switzerland    |     0.9 | Sweden         |     2.3 | 0.137 | 0.681 | 0.182
 Switzerland    |     4.5 | Thailand       |     0.5 | 0.955 | 0.011 | 0.034
 Switzerland    |     0.5 | USA            |     3.3 | 0.030 | 0.892 | 0.078
 Thailand       |     0.4 | Australia      |     5.7 | 0.003 | 0.987 | 0.011
 Thailand       |     0.2 | Brazil         |     4.5 | 0.003 | 0.979 | 0.019
 Thailand       |     0.4 | Cameroon       |     1.6 | 0.096 | 0.670 | 0.234
 Thailand       |     0.2 | Canada         |     5.0 | 0.002 | 0.986 | 0.012
 Thailand       |     0.3 | China PR       |     2.5 | 0.029 | 0.855 | 0.116
 Thailand       |     0.4 | Colombia       |     2.4 | 0.039 | 0.834 | 0.127
 Thailand       |     0.7 | Costa Rica     |     2.0 | 0.129 | 0.666 | 0.205
 Thailand       |     1.0 | Cote d'Ivoire  |     2.5 | 0.135 | 0.695 | 0.170
 Thailand       |     1.1 | Ecuador        |     1.1 | 0.368 | 0.341 | 0.291
